7, 9, 13, 21, 22, 23, 25, 37, 53, 67, 68, 69,
70, 79, 80, 88, 101, 102, 105, 107, 109, 110,
111, 113, 115, 117, 119, 123, 137, 138, 139,
143, 161, 162, 177, 179, 389, 427, 443, 444,
445, 464, 465, 500, 512, 513, 514, 515, 520,
587, 593, 631, 636, 639, 646, 691, 860, 873,
902, 989, 990, 993, 995, 1025, 1026, 1027,
1028, 1029, 1110, 1433, 1434, 1521, 1720,
1723, 1755, 1900, 2000, 2001, 2049, 2121,
2301, 2433, 2483, 2484, 2967, 3050, 3260,
3306, 3389, 3986, 4000, 5000, 5060, 5353,
5432, 5631, 5632, 5900, 6000, 6001, 6112,
6660, 6661, 6662, 6663, 6664, 6665, 6666,
6667, 6668, 6669, 7000, 7937, 7938, 8000,
8008, 8080, 8888, 9100, 9999, 10000